param1: 263
param2: 792
param3: -2.651178
param4: 3.333393
